252306;0;76458;49695;126153;2;2;0;0;0;38229.0
234274;0;70608;46529;117137;1;0;0;0;0;35304.0
253108;0;76393;50161;126554;1;1;0;0;0;38196.5
271980;0;104907;31083;135990;3;0;0;0;0;52453.5
254566;0;77098;50185;127283;1;0;0;0;0;38549.0
233782;0;70867;46024;116891;2;2;0;0;0;35433.5
282970;0;116149;25336;141485;3;1;0;0;0;58074.5
254242;0;77018;50103;127121;0;0;0;0;0;38509.0
252846;0;76506;49917;126423;2;1;0;0;0;38253.0
252380;0;76380;49810;126190;0;0;0;0;0;38190.0
257320;0;77950;50710;128660;0;0;0;0;0;38975.0
266308;0;92054;41100;133154;3;2;0;0;0;46027.0
256678;0;77853;50486;128339;0;0;0;0;0;38926.5
223048;0;67735;43789;111524;1;1;0;0;0;33867.5
255936;0;77610;50358;127968;2;0;0;0;0;38805.0
255926;0;77580;50383;127963;2;1;0;0;0;38790.0
254712;0;77085;50271;127356;0;0;0;0;0;38542.5
286662;0;118602;24729;143331;1;0;0;0;0;59301.0
254540;0;77129;50141;127270;2;2;0;0;0;38564.5
307636;0;153818;0;153818;1;0;0;0;0;76909.0
256188;0;77539;50555;128094;0;0;0;0;0;38769.5
256228;0;77681;50433;128114;1;1;0;0;0;38840.5
254706;0;76945;50408;127353;3;1;0;0;0;38472.5
67824;0;19835;14077;33912;1;1;0;0;0;9917.5
254812;0;77431;49975;127406;1;1;0;0;0;38715.5
252042;0;76089;49932;126021;1;0;0;0;0;38044.5
254814;0;77164;50243;127407;1;0;0;0;0;38582.0
256708;0;77836;50518;128354;1;1;0;0;0;38918.0
233468;0;70482;46252;116734;4;2;0;0;0;35241.0
289192;0;144596;0;144596;1;0;0;0;0;72298.0
241204;0;74966;45636;120602;0;0;0;0;0;37483.0
226426;0;68020;45193;113213;0;0;0;0;0;34010.0
255122;0;77399;50162;127561;1;1;0;0;0;38699.5
251860;0;76066;49864;125930;1;1;0;0;0;38033.0
257782;0;78557;50334;128891;2;1;0;0;0;39278.5
257570;0;78137;50648;128785;1;0;0;0;0;39068.5
256598;0;77815;50484;128299;2;1;0;0;0;38907.5
250298;0;75585;49564;125149;1;1;0;0;0;37792.5
254858;0;76950;50479;127429;2;1;0;0;0;38475.0
254448;0;76934;50290;127224;1;0;0;0;0;38467.0
257524;0;78239;50523;128762;0;0;0;0;0;39119.5
257672;0;78323;50513;128836;2;2;0;0;0;39161.5
227456;0;68451;45277;113728;0;0;0;0;0;34225.5
229520;0;70180;44580;114760;1;1;0;0;0;35090.0
254706;0;77008;50345;127353;1;1;0;0;0;38504.0
314302;0;155659;1492;157151;0;0;0;0;0;77829.5
242918;0;79121;42338;121459;1;1;0;0;0;39560.5
252552;0;76228;50048;126276;1;0;0;0;0;38114.0
228288;0;68772;45372;114144;2;1;0;0;0;34386.0
257384;0;78288;50404;128692;0;0;0;0;0;39144.0
260414;0;83349;46858;130207;1;0;0;0;0;41674.5
237066;0;71892;46641;118533;0;0;0;0;0;35946.0
271764;0;109733;26149;135882;2;0;0;0;0;54866.5
250036;0;75378;49640;125018;0;0;0;0;0;37689.0
255214;0;77399;50208;127607;4;2;0;0;0;38699.5
255816;0;77872;50036;127908;0;0;0;0;0;38936.0
244424;0;86147;36065;122212;1;0;0;0;0;43073.5
254542;0;77096;50175;127271;2;2;0;0;0;38548.0
255982;0;77648;50343;127991;1;1;0;0;0;38824.0
254946;0;77168;50305;127473;3;3;0;0;0;38584.0
256806;0;78663;49740;128403;1;0;0;0;0;39331.5
273370;0;101507;35178;136685;2;1;0;0;0;50753.5
233360;0;70273;46407;116680;2;1;0;0;0;35136.5
255814;0;77344;50563;127907;2;2;0;0;0;38672.0
236336;0;71322;46846;118168;1;1;0;0;0;35661.0
254452;0;77206;50020;127226;2;2;0;0;0;38603.0
274234;0;99673;37444;137117;2;2;0;0;0;49836.5
251412;0;75779;49927;125706;2;1;0;0;0;37889.5
260014;0;79151;50856;130007;2;1;0;0;0;39575.5
237484;0;71756;46986;118742;1;1;0;0;0;35878.0
254044;0;77011;50011;127022;3;3;0;0;0;38505.5
237318;0;71564;47095;118659;1;0;0;0;0;35782.0
292682;0;133174;13167;146341;5;0;0;0;0;66587.0
253872;0;76784;50152;126936;0;0;0;0;0;38392.0
255112;0;77459;50097;127556;0;0;0;0;0;38729.5
255622;0;77352;50459;127811;1;1;0;0;0;38676.0
254410;0;77047;50158;127205;3;2;0;0;0;38523.5
299136;0;137011;12557;149568;0;0;0;0;0;68505.5
254760;0;77211;50169;127380;1;0;0;0;0;38605.5
232604;0;69909;46393;116302;0;0;0;0;0;34954.5
272284;0;97984;38158;136142;2;1;0;0;0;48992.0
251384;0;75857;49835;125692;1;0;0;0;0;37928.5
241936;0;73244;47724;120968;0;0;0;0;0;36622.0
255960;0;77652;50328;127980;1;0;0;0;0;38826.0
233116;0;70131;46427;116558;2;1;0;0;0;35065.5
247246;0;74742;48881;123623;0;0;0;0;0;37371.0
255358;0;77406;50273;127679;1;1;0;0;0;38703.0
234640;0;70785;46535;117320;2;1;0;0;0;35392.5
253068;0;76413;50121;126534;1;0;0;0;0;38206.5
259406;0;79911;49792;129703;1;1;0;0;0;39955.5
240526;0;72857;47406;120263;0;0;0;0;0;36428.5
238722;0;72304;47057;119361;1;1;0;0;0;36152.0
253476;0;76561;50177;126738;4;3;0;0;0;38280.5
229726;0;69021;45842;114863;1;1;0;0;0;34510.5
251964;0;76070;49912;125982;1;1;0;0;0;38035.0
231812;0;86334;29572;115906;1;1;0;0;0;43167.0
252986;0;76285;50208;126493;0;0;0;0;0;38142.5
263072;0;90240;41296;131536;0;0;0;0;0;45120.0
257384;0;78024;50668;128692;1;1;0;0;0;39012.0
229840;0;69470;45450;114920;1;1;0;0;0;34735.0
252618;0;76465;49844;126309;0;0;0;0;0;38232.5
256694;0;77603;50744;128347;1;0;0;0;0;38801.5
234978;0;71001;46488;117489;1;1;0;0;0;35500.5
256218;0;77565;50544;128109;3;1;0;0;0;38782.5
254196;0;76937;50161;127098;1;1;0;0;0;38468.5
254714;0;77181;50176;127357;1;1;0;0;0;38590.5
256922;0;78053;50408;128461;2;1;0;0;0;39026.5
253546;0;76721;50052;126773;3;3;0;0;0;38360.5
255648;0;77571;50253;127824;0;0;0;0;0;38785.5
286670;0;123702;19633;143335;0;0;0;0;0;61851.0
255646;0;77559;50264;127823;0;0;0;0;0;38779.5
254554;0;77111;50166;127277;1;1;0;0;0;38555.5
252114;0;76246;49811;126057;0;0;0;0;0;38123.0
257446;0;78191;50532;128723;1;1;0;0;0;39095.5
299158;0;143336;6243;149579;2;0;0;0;0;71668.0
254446;0;76911;50312;127223;1;1;0;0;0;38455.5
277934;0;109421;29546;138967;0;0;0;0;0;54710.5
272154;0;95725;40352;136077;0;0;0;0;0;47862.5
254514;0;97338;29919;127257;1;0;0;0;0;48669.0
255646;0;77519;50304;127823;1;1;0;0;0;38759.5
257528;0;83500;45264;128764;0;0;0;0;0;41750.0
283828;0;126131;15783;141914;5;1;0;0;0;63065.5
252396;0;75943;50255;126198;2;2;0;0;0;37971.5
296380;0;134651;13539;148190;1;0;0;0;0;67325.5
261162;0;79704;50877;130581;1;0;0;0;0;39852.0
252186;0;76328;49765;126093;1;1;0;0;0;38164.0
257402;0;78160;50541;128701;2;2;0;0;0;39080.0
257292;0;78093;50553;128646;1;1;0;0;0;39046.5
258954;0;78546;50931;129477;0;0;0;0;0;39273.0
254324;0;76878;50284;127162;1;0;0;0;0;38439.0
253026;0;76510;50003;126513;2;1;0;0;0;38255.0
253416;0;76640;50068;126708;1;0;0;0;0;38320.0
226630;0;68048;45267;113315;1;0;0;0;0;34024.0
234192;0;70562;46534;117096;0;0;0;0;0;35281.0
258512;0;83952;45304;129256;0;0;0;0;0;41976.0
254270;0;76975;50160;127135;1;1;0;0;0;38487.5
256138;0;77752;50317;128069;1;0;0;0;0;38876.0
253482;0;80900;45841;126741;0;0;0;0;0;40450.0
255868;0;77577;50357;127934;0;0;0;0;0;38788.5
260770;0;84808;45577;130385;3;2;0;0;0;42404.0
297116;0;137280;11278;148558;3;0;0;0;0;68640.0
254202;0;77356;49745;127101;3;1;0;0;0;38678.0
258802;0;78602;50799;129401;3;3;0;0;0;39301.0
300624;0;141046;9266;150312;0;0;0;0;0;70523.0
254870;0;76944;50491;127435;0;0;0;0;0;38472.0
234120;0;70702;46358;117060;3;1;0;0;0;35351.0
256080;0;77583;50457;128040;1;1;0;0;0;38791.5
256026;0;77516;50497;128013;1;0;0;0;0;38758.0
236332;0;71718;46448;118166;0;0;0;0;0;35859.0
251330;0;75744;49921;125665;1;1;0;0;0;37872.0
255434;0;77363;50354;127717;1;0;0;0;0;38681.5
257290;0;78055;50590;128645;1;0;0;0;0;39027.5
269686;0;112388;22455;134843;1;0;0;0;0;56194.0
254984;0;77341;50151;127492;3;2;0;0;0;38670.5
257284;0;77989;50653;128642;1;1;0;0;0;38994.5
265306;0;92409;40244;132653;2;2;0;0;0;46204.5
234772;0;70592;46794;117386;1;1;0;0;0;35296.0
254096;0;76981;50067;127048;1;0;0;0;0;38490.5
257436;0;78225;50493;128718;1;1;0;0;0;39112.5
236012;0;71103;46903;118006;3;1;0;0;0;35551.5
258304;0;78460;50692;129152;0;0;0;0;0;39230.0
253866;0;76529;50404;126933;2;0;0;0;0;38264.5
277500;0;108966;29784;138750;0;0;0;0;0;54483.0
309090;0;143663;10882;154545;3;0;0;0;0;71831.5
288700;0;125678;18672;144350;3;0;0;0;0;62839.0
238732;0;71757;47609;119366;1;1;0;0;0;35878.5
258256;0;82466;46662;129128;0;0;0;0;0;41233.0
261908;0;102187;28767;130954;1;0;0;0;0;51093.5
269860;0;97093;37837;134930;0;0;0;0;0;48546.5
257552;0;78074;50702;128776;3;2;0;0;0;39037.0
251544;0;76114;49658;125772;2;2;0;0;0;38057.0
255316;0;77278;50380;127658;1;1;0;0;0;38639.0
262210;0;89664;41441;131105;1;1;0;0;0;44832.0
233878;0;70755;46184;116939;0;0;0;0;0;35377.5
240320;0;72700;47460;120160;2;2;0;0;0;36350.0
249616;0;86055;38753;124808;1;1;0;0;0;43027.5
232866;0;70121;46312;116433;1;0;0;0;0;35060.5
258530;0;78567;50698;129265;3;2;0;0;0;39283.5
255082;0;77217;50324;127541;1;0;0;0;0;38608.5
235284;0;72400;45242;117642;0;0;0;0;0;36200.0
320126;0;160063;0;160063;4;0;0;0;0;80031.5
257846;0;78399;50524;128923;1;1;0;0;0;39199.5
254166;0;76883;50200;127083;1;1;0;0;0;38441.5
235096;0;70901;46647;117548;2;2;0;0;0;35450.5
257670;0;78259;50576;128835;2;1;0;0;0;39129.5
255610;0;77503;50302;127805;0;0;0;0;0;38751.5
258622;0;78587;50724;129311;0;0;0;0;0;39293.5
232586;0;69885;46408;116293;0;0;0;0;0;34942.5
257088;0;77713;50831;128544;2;1;0;0;0;38856.5
263484;0;91774;39968;131742;2;0;0;0;0;45887.0
307918;0;151836;2123;153959;1;0;0;0;0;75918.0
234072;0;70414;46622;117036;0;0;0;0;0;35207.0
241152;0;74701;45875;120576;3;3;0;0;0;37350.5
313186;0;156275;318;156593;1;0;0;0;0;78137.5
256806;0;77753;50650;128403;2;2;0;0;0;38876.5
258454;0;78484;50743;129227;1;0;0;0;0;39242.0
254022;0;76708;50303;127011;1;1;0;0;0;38354.0
245216;0;74231;48377;122608;1;1;0;0;0;37115.5
252878;0;76454;49985;126439;0;0;0;0;0;38227.0
236164;0;71442;46640;118082;1;1;0;0;0;35721.0
257872;0;78455;50481;128936;3;2;0;0;0;39227.5
255716;0;77267;50591;127858;0;0;0;0;0;38633.5
252766;0;76421;49962;126383;3;3;0;0;0;38210.5
251486;0;75876;49867;125743;2;1;0;0;0;37938.0
275356;0;128511;9167;137678;3;0;0;0;0;64255.5
257656;0;78260;50568;128828;0;0;0;0;0;39130.0
280482;0;106349;33892;140241;3;1;0;0;0;53174.5
238144;0;71979;47093;119072;0;0;0;0;0;35989.5
254944;0;77228;50244;127472;0;0;0;0;0;38614.0
248624;0;75123;49189;124312;2;2;0;0;0;37561.5
234030;0;70596;46419;117015;1;1;0;0;0;35298.0
257098;0;78123;50426;128549;0;0;0;0;0;39061.5
252730;0;76274;50091;126365;1;1;0;0;0;38137.0
255880;0;77518;50422;127940;1;1;0;0;0;38759.0
254288;0;76918;50226;127144;1;1;0;0;0;38459.0
239206;0;72576;47027;119603;2;1;0;0;0;36288.0
237948;0;72231;46743;118974;2;2;0;0;0;36115.5
252216;0;76355;49753;126108;3;2;0;0;0;38177.5
237366;0;72020;46663;118683;3;1;0;0;0;36010.0
257386;0;78007;50686;128693;0;0;0;0;0;39003.5
257390;0;77922;50773;128695;0;0;0;0;0;38961.0
231534;0;69861;45906;115767;2;1;0;0;0;34930.5
232470;0;70261;45974;116235;0;0;0;0;0;35130.5
257458;0;78260;50469;128729;2;0;0;0;0;39130.0
257634;0;81150;47667;128817;1;0;0;0;0;40575.0
254348;0;77030;50144;127174;3;0;0;0;0;38515.0
252148;0;76156;49918;126074;2;0;0;0;0;38078.0
208600;0;62887;41413;104300;0;0;0;0;0;31443.5
231136;0;75389;40179;115568;1;0;0;0;0;37694.5
255976;0;77536;50452;127988;0;0;0;0;0;38768.0
234520;0;70626;46634;117260;1;1;0;0;0;35313.0
254842;0;77086;50335;127421;0;0;0;0;0;38543.0
235356;0;70841;46837;117678;2;1;0;0;0;35420.5
237128;0;71702;46862;118564;4;3;0;0;0;35851.0
259354;0;78931;50746;129677;1;1;0;0;0;39465.5
252984;0;76506;49986;126492;2;0;0;0;0;38253.0
284812;0;121286;21120;142406;2;1;0;0;0;60643.0
256818;0;78043;50366;128409;1;0;0;0;0;39021.5
253314;0;76470;50187;126657;2;2;0;0;0;38235.0
253864;0;76765;50167;126932;1;1;0;0;0;38382.5
257526;0;78521;50242;128763;1;1;0;0;0;39260.5
315780;0;153767;4123;157890;0;0;0;0;0;76883.5
255604;0;77444;50358;127802;1;0;0;0;0;38722.0
253680;0;77063;49777;126840;0;0;0;0;0;38531.5
239612;0;72312;47494;119806;2;1;0;0;0;36156.0
257234;0;77768;50849;128617;2;0;0;0;0;38884.0
257058;0;77949;50580;128529;3;2;0;0;0;38974.5
243538;0;81526;40243;121769;1;0;0;0;0;40763.0
257004;0;77881;50621;128502;2;1;0;0;0;38940.5
250200;0;89926;35174;125100;1;0;0;0;0;44963.0
312832;0;156416;0;156416;2;0;0;0;0;78208.0
237258;0;71828;46801;118629;2;0;0;0;0;35914.0
251126;0;76007;49556;125563;3;2;0;0;0;38003.5
251108;0;75651;49903;125554;1;1;0;0;0;37825.5
275940;0;108265;29705;137970;2;0;0;0;0;54132.5
256986;0;77914;50579;128493;0;0;0;0;0;38957.0
252230;0;76406;49709;126115;1;1;0;0;0;38203.0
254526;0;76907;50356;127263;2;1;0;0;0;38453.5
256666;0;77931;50402;128333;1;0;0;0;0;38965.5
230390;0;69300;45895;115195;0;0;0;0;0;34650.0
257324;0;78236;50426;128662;4;2;0;0;0;39118.0
254928;0;77207;50257;127464;2;0;0;0;0;38603.5
265654;0;90594;42233;132827;2;1;0;0;0;45297.0
235264;0;70961;46671;117632;3;1;0;0;0;35480.5
228018;0;68607;45402;114009;2;2;0;0;0;34303.5
253314;0;76496;50161;126657;2;2;0;0;0;38248.0
251434;0;76010;49707;125717;0;0;0;0;0;38005.0
256828;0;77648;50766;128414;2;0;0;0;0;38824.0
254644;0;76977;50345;127322;1;1;0;0;0;38488.5
292670;0;127955;18380;146335;0;0;0;0;0;63977.5
252042;0;76187;49834;126021;2;1;0;0;0;38093.5
254774;0;77274;50113;127387;0;0;0;0;0;38637.0
253900;0;76763;50187;126950;1;1;0;0;0;38381.5
255988;0;77643;50351;127994;2;2;0;0;0;38821.5
304854;0;139106;13321;152427;4;1;0;0;0;69553.0
231330;0;69829;45836;115665;1;1;0;0;0;34914.5
219284;0;65663;43979;109642;0;0;0;0;0;32831.5
251916;0;76072;49886;125958;1;0;0;0;0;38036.0
253242;0;76444;50177;126621;2;2;0;0;0;38222.0
256882;0;77911;50530;128441;1;1;0;0;0;38955.5
238428;0;71755;47459;119214;0;0;0;0;0;35877.5
264886;0;89726;42717;132443;2;0;0;0;0;44863.0
257864;0;78273;50659;128932;1;0;0;0;0;39136.5
233176;0;70180;46408;116588;2;1;0;0;0;35090.0
251648;0;75738;50086;125824;2;2;0;0;0;37869.0
230334;0;69464;45703;115167;0;0;0;0;0;34732.0
253654;0;76537;50290;126827;2;1;0;0;0;38268.5
253616;0;76378;50430;126808;1;1;0;0;0;38189.0
253040;0;76530;49990;126520;0;0;0;0;0;38265.0
259214;0;78779;50828;129607;2;2;0;0;0;39389.5
256276;0;77568;50570;128138;1;0;0;0;0;38784.0
294434;0;132756;14461;147217;1;0;0;0;0;66378.0
257382;0;78075;50616;128691;1;1;0;0;0;39037.5
272928;0;129102;7362;136464;2;1;0;0;0;64551.0
255482;0;77310;50431;127741;1;1;0;0;0;38655.0
234584;0;73390;43902;117292;0;0;0;0;0;36695.0
255934;0;77682;50285;127967;3;1;0;0;0;38841.0
260668;0;79469;50865;130334;2;1;0;0;0;39734.5
255608;0;77365;50439;127804;2;2;0;0;0;38682.5
236962;0;71577;46904;118481;1;1;0;0;0;35788.5
267000;0;93551;39949;133500;2;2;0;0;0;46775.5
256288;0;77793;50351;128144;2;1;0;0;0;38896.5
259316;0;78740;50918;129658;0;0;0;0;0;39370.0
254546;0;76875;50398;127273;4;4;0;0;0;38437.5
233452;0;70225;46501;116726;1;0;0;0;0;35112.5
255760;0;77592;50288;127880;0;0;0;0;0;38796.0
235518;0;71035;46724;117759;1;0;0;0;0;35517.5
229458;0;69272;45457;114729;1;1;0;0;0;34636.0
237516;0;71765;46993;118758;2;1;0;0;0;35882.5
252846;0;77389;49034;126423;0;0;0;0;0;38694.5
233334;0;70336;46331;116667;1;1;0;0;0;35168.0
254538;0;76986;50283;127269;1;0;0;0;0;38493.0
274196;0;105114;31984;137098;3;1;0;0;0;52557.0
256998;0;77842;50657;128499;2;1;0;0;0;38921.0
244882;0;86057;36384;122441;0;0;0;0;0;43028.5
256618;0;77867;50442;128309;1;1;0;0;0;38933.5
257870;0;78326;50609;128935;0;0;0;0;0;39163.0
252130;0;76191;49874;126065;1;1;0;0;0;38095.5
250872;0;75798;49638;125436;0;0;0;0;0;37899.0
253812;0;76942;49964;126906;0;0;0;0;0;38471.0
229432;0;68940;45776;114716;1;1;0;0;0;34470.0
242512;0;73238;48018;121256;0;0;0;0;0;36619.0
238770;0;72202;47183;119385;1;1;0;0;0;36101.0
217832;0;65307;43609;108916;1;1;0;0;0;32653.5
236344;0;71561;46611;118172;0;0;0;0;0;35780.5
251612;0;76098;49708;125806;3;3;0;0;0;38049.0
254862;0;77888;49543;127431;2;0;0;0;0;38944.0
258508;0;78668;50586;129254;0;0;0;0;0;39334.0
257312;0;77977;50679;128656;2;0;0;0;0;38988.5
229914;0;69315;45642;114957;1;1;0;0;0;34657.5
257492;0;79894;48852;128746;2;1;0;0;0;39947.0
239906;0;72512;47441;119953;2;0;0;0;0;36256.0
258014;0;78401;50606;129007;2;1;0;0;0;39200.5
255230;0;77095;50520;127615;3;3;0;0;0;38547.5
255574;0;77412;50375;127787;1;1;0;0;0;38706.0
252564;0;76219;50063;126282;3;2;0;0;0;38109.5
239212;0;72418;47188;119606;1;1;0;0;0;36209.0
256598;0;77814;50485;128299;1;0;0;0;0;38907.0
253134;0;76749;49818;126567;1;0;0;0;0;38374.5
290282;0;122526;22615;145141;0;0;0;0;0;61263.0
257810;0;78298;50607;128905;3;3;0;0;0;39149.0
232378;0;69809;46380;116189;0;0;0;0;0;34904.5
255218;0;77229;50380;127609;0;0;0;0;0;38614.5
253874;0;76596;50341;126937;0;0;0;0;0;38298.0
256020;0;77524;50486;128010;2;1;0;0;0;38762.0
252638;0;76498;49821;126319;1;0;0;0;0;38249.0
253756;0;76625;50253;126878;1;1;0;0;0;38312.5
257368;0;84838;43846;128684;1;1;0;0;0;42419.0
255340;0;77353;50317;127670;3;2;0;0;0;38676.5
277148;0;86872;51702;138574;2;1;0;0;0;43436.0
256554;0;77862;50415;128277;2;1;0;0;0;38931.0
230296;0;69083;46065;115148;0;0;0;0;0;34541.5
229166;0;68655;45928;114583;2;1;0;0;0;34327.5
249562;0;75471;49310;124781;2;2;0;0;0;37735.5
262892;0;84417;47029;131446;1;0;0;0;0;42208.5
284246;0;113498;28625;142123;4;0;0;0;0;56749.0
262072;0;91150;39886;131036;1;0;0;0;0;45575.0
254408;0;76939;50265;127204;1;1;0;0;0;38469.5
255276;0;77263;50375;127638;0;0;0;0;0;38631.5
233938;0;70383;46586;116969;2;2;0;0;0;35191.5
259906;0;114531;15422;129953;3;1;0;0;0;57265.5
306112;0;149233;3823;153056;3;0;0;0;0;74616.5
234348;0;70635;46539;117174;1;1;0;0;0;35317.5
257484;0;78307;50435;128742;0;0;0;0;0;39153.5
256642;0;77856;50465;128321;0;0;0;0;0;38928.0
232642;0;70157;46164;116321;0;0;0;0;0;35078.5
257874;0;78331;50606;128937;3;1;0;0;0;39165.5
233788;0;69342;47552;116894;0;0;0;0;0;34671.0
304814;0;152407;0;152407;3;0;0;0;0;76203.5
263912;0;92027;39929;131956;3;1;0;0;0;46013.5
235334;0;71166;46501;117667;0;0;0;0;0;35583.0
256004;0;77677;50325;128002;1;1;0;0;0;38838.5
236908;0;75151;43303;118454;0;0;0;0;0;37575.5
254838;0;77082;50337;127419;1;1;0;0;0;38541.0
251794;0;76072;49825;125897;2;1;0;0;0;38036.0
229378;0;68762;45927;114689;1;1;0;0;0;34381.0
218886;0;65963;43480;109443;1;1;0;0;0;32981.5
251226;0;76041;49572;125613;2;1;0;0;0;38020.5
282144;0;114986;26086;141072;0;0;0;0;0;57493.0
256662;0;77862;50469;128331;1;1;0;0;0;38931.0
254670;0;77026;50309;127335;0;0;0;0;0;38513.0
258606;0;78736;50567;129303;1;0;0;0;0;39368.0
250584;0;75821;49471;125292;2;2;0;0;0;37910.5
269916;0;100017;34941;134958;3;0;0;0;0;50008.5
253216;0;76291;50317;126608;2;2;0;0;0;38145.5
256200;0;77533;50567;128100;1;0;0;0;0;38766.5
254440;0;76936;50284;127220;1;0;0;0;0;38468.0
253148;0;76459;50115;126574;3;2;0;0;0;38229.5
234042;0;70539;46482;117021;1;0;0;0;0;35269.5
255570;0;77419;50366;127785;2;1;0;0;0;38709.5
264666;0;92625;39708;132333;3;2;0;0;0;46312.5
255086;0;77305;50238;127543;2;2;0;0;0;38652.5
266668;0;93092;40242;133334;1;0;0;0;0;46546.0
235018;0;70894;46615;117509;0;0;0;0;0;35447.0
253624;0;76730;50082;126812;4;1;0;0;0;38365.0
255616;0;77403;50405;127808;1;1;0;0;0;38701.5
257094;0;77766;50781;128547;0;0;0;0;0;38883.0
253562;0;76496;50285;126781;1;1;0;0;0;38248.0
257820;0;78196;50714;128910;2;2;0;0;0;39098.0
278026;0;112008;27005;139013;2;1;0;0;0;56004.0
280426;0;109379;30834;140213;3;2;0;0;0;54689.5
254480;0;76659;50581;127240;2;1;0;0;0;38329.5
255056;0;78071;49457;127528;2;1;0;0;0;39035.5
251678;0;75861;49978;125839;0;0;0;0;0;37930.5
238422;0;71890;47321;119211;1;1;0;0;0;35945.0
253290;0;76459;50186;126645;1;0;0;0;0;38229.5
246600;0;74733;48567;123300;3;2;0;0;0;37366.5
256968;0;77927;50557;128484;3;2;0;0;0;38963.5
252778;0;76539;49850;126389;1;1;0;0;0;38269.5
232498;0;70038;46211;116249;1;0;0;0;0;35019.0
256278;0;77669;50470;128139;1;1;0;0;0;38834.5
232762;0;69810;46571;116381;1;0;0;0;0;34905.0
279246;0;106678;32945;139623;0;0;0;0;0;53339.0
253844;0;76679;50243;126922;1;1;0;0;0;38339.5
254656;0;77110;50218;127328;1;1;0;0;0;38555.0
255154;0;77310;50267;127577;1;1;0;0;0;38655.0
256922;0;77883;50578;128461;3;2;0;0;0;38941.5
236270;0;71163;46972;118135;2;1;0;0;0;35581.5
250624;0;75532;49780;125312;0;0;0;0;0;37766.0
264726;0;87291;45072;132363;0;0;0;0;0;43645.5
250870;0;75601;49834;125435;0;0;0;0;0;37800.5
257376;0;78176;50512;128688;2;1;0;0;0;39088.0
273636;0;110046;26772;136818;0;0;0;0;0;55023.0
263078;0;91592;39947;131539;2;1;0;0;0;45796.0
253808;0;76855;50049;126904;0;0;0;0;0;38427.5
255118;0;77280;50279;127559;3;3;0;0;0;38640.0
258774;0;78584;50803;129387;1;1;0;0;0;39292.0
253944;0;76750;50222;126972;1;1;0;0;0;38375.0
263420;0;86348;45362;131710;3;2;0;0;0;43174.0
256118;0;77604;50455;128059;2;0;0;0;0;38802.0
256492;0;77682;50564;128246;0;0;0;0;0;38841.0
235904;0;71333;46619;117952;0;0;0;0;0;35666.5
280686;0;114032;26311;140343;2;0;0;0;0;57016.0
253820;0;76712;50198;126910;2;1;0;0;0;38356.0
258694;0;102431;26916;129347;2;0;0;0;0;51215.5
254972;0;77419;50067;127486;2;1;0;0;0;38709.5
260352;0;79394;50782;130176;2;1;0;0;0;39697.0
246190;0;74007;49088;123095;2;1;0;0;0;37003.5
250746;0;76362;49011;125373;3;3;0;0;0;38181.0
305904;0;138307;14645;152952;6;0;0;0;0;69153.5
260190;0;79172;50923;130095;1;1;0;0;0;39586.0
254388;0;77039;50155;127194;1;0;0;0;0;38519.5
255380;0;77245;50445;127690;2;1;0;0;0;38622.5
237040;0;78087;40433;118520;0;0;0;0;0;39043.5
230898;0;69545;45904;115449;0;0;0;0;0;34772.5
257120;0;77984;50576;128560;3;2;0;0;0;38992.0
252562;0;76212;50069;126281;1;0;0;0;0;38106.0
258716;0;78264;51094;129358;1;1;0;0;0;39132.0
272426;0;101027;35186;136213;0;0;0;0;0;50513.5
255676;0;77496;50342;127838;2;1;0;0;0;38748.0
251344;0;76121;49551;125672;3;2;0;0;0;38060.5
255312;0;77288;50368;127656;1;1;0;0;0;38644.0
236710;0;71586;46769;118355;1;0;0;0;0;35793.0
236728;0;71265;47099;118364;0;0;0;0;0;35632.5
267582;0;100066;33725;133791;1;0;0;0;0;50033.0
244746;0;74319;48054;122373;1;1;0;0;0;37159.5
255814;0;77321;50586;127907;1;0;0;0;0;38660.5
237776;0;72021;46867;118888;0;0;0;0;0;36010.5
252670;0;76307;50028;126335;1;1;0;0;0;38153.5
255806;0;77447;50456;127903;3;1;0;0;0;38723.5
253692;0;77719;49127;126846;4;3;0;0;0;38859.5
216914;0;64976;43481;108457;2;2;0;0;0;32488.0
234376;0;70294;46894;117188;3;2;0;0;0;35147.0
261974;0;88989;41998;130987;0;0;0;0;0;44494.5
260296;0;79339;50809;130148;3;2;0;0;0;39669.5
269528;0;92855;41909;134764;3;2;0;0;0;46427.5
259646;0;79284;50539;129823;1;0;0;0;0;39642.0
233886;0;70352;46591;116943;2;2;0;0;0;35176.0
238582;0;72114;47177;119291;4;3;0;0;0;36057.0
263038;0;91308;40211;131519;1;1;0;0;0;45654.0
246166;0;74443;48640;123083;0;0;0;0;0;37221.5
253392;0;76767;49929;126696;1;1;0;0;0;38383.5
254036;0;77045;49973;127018;2;2;0;0;0;38522.5
254790;0;76881;50514;127395;1;1;0;0;0;38440.5
237592;0;71877;46919;118796;0;0;0;0;0;35938.5
225576;0;67772;45016;112788;1;1;0;0;0;33886.0
233076;0;70066;46472;116538;2;1;0;0;0;35033.0
303668;0;145885;5949;151834;1;0;0;0;0;72942.5
257400;0;78061;50639;128700;0;0;0;0;0;39030.5
246600;0;74382;48918;123300;1;0;0;0;0;37191.0
233674;0;70521;46316;116837;0;0;0;0;0;35260.5
255752;0;77248;50628;127876;0;0;0;0;0;38624.0
253796;0;76781;50117;126898;0;0;0;0;0;38390.5
261118;0;85046;45513;130559;2;1;0;0;0;42523.0
203508;0;60809;40945;101754;1;1;0;0;0;30404.5
234994;0;70778;46719;117497;1;1;0;0;0;35389.0
259132;0;78882;50684;129566;1;1;0;0;0;39441.0
256764;0;82653;45729;128382;1;1;0;0;0;41326.5
256534;0;77842;50425;128267;0;0;0;0;0;38921.0
260014;0;79281;50726;130007;2;2;0;0;0;39640.5
254618;0;77107;50202;127309;0;0;0;0;0;38553.5
255490;0;77494;50251;127745;2;1;0;0;0;38747.0
258228;0;78532;50582;129114;3;2;0;0;0;39266.0
258062;0;79323;49708;129031;0;0;0;0;0;39661.5
281474;0;113169;27568;140737;1;0;0;0;0;56584.5
300960;0;145074;5406;150480;5;0;0;0;0;72537.0
255476;0;77407;50331;127738;1;1;0;0;0;38703.5
256680;0;78059;50281;128340;0;0;0;0;0;39029.5
226074;0;68230;44807;113037;1;1;0;0;0;34115.0
230860;0;69405;46025;115430;1;1;0;0;0;34702.5
230812;0;69355;46051;115406;0;0;0;0;0;34677.5
249496;0;75941;48807;124748;0;0;0;0;0;37970.5
251148;0;75831;49743;125574;3;3;0;0;0;37915.5
233112;0;70338;46218;116556;1;1;0;0;0;35169.0
258076;0;78514;50524;129038;2;0;0;0;0;39257.0
254258;0;77808;49321;127129;0;0;0;0;0;38904.0
255884;0;79992;47950;127942;2;1;0;0;0;39996.0
276662;0;86972;51359;138331;1;1;0;0;0;43486.0
254446;0;77046;50177;127223;1;1;0;0;0;38523.0
259778;0;84559;45330;129889;1;1;0;0;0;42279.5
257222;0;77905;50706;128611;1;0;0;0;0;38952.5
228618;0;68735;45574;114309;2;0;0;0;0;34367.5
254608;0;77050;50254;127304;0;0;0;0;0;38525.0
258796;0;78570;50828;129398;1;1;0;0;0;39285.0
234270;0;70557;46578;117135;2;2;0;0;0;35278.5
255060;0;77226;50304;127530;1;0;0;0;0;38613.0
238784;0;87668;31724;119392;4;1;0;0;0;43834.0
254682;0;77141;50200;127341;1;1;0;0;0;38570.5
254228;0;77944;49170;127114;1;0;0;0;0;38972.0
258288;0;78427;50717;129144;3;2;0;0;0;39213.5
314600;0;157300;0;157300;1;0;0;0;0;78650.0
254620;0;77007;50303;127310;0;0;0;0;0;38503.5
257092;0;78141;50405;128546;5;5;0;0;0;39070.5
256718;0;77884;50475;128359;2;2;0;0;0;38942.0
276678;0;105926;32413;138339;2;1;0;0;0;52963.0
295948;0;124037;23937;147974;1;0;0;0;0;62018.5
258118;0;78206;50853;129059;1;0;0;0;0;39103.0
255150;0;77442;50133;127575;1;1;0;0;0;38721.0
291366;0;127732;17951;145683;3;0;0;0;0;63866.0
244400;0;102981;19219;122200;0;0;0;0;0;51490.5
302912;0;119243;32213;151456;0;0;0;0;0;59621.5
256416;0;77905;50303;128208;1;1;0;0;0;38952.5
256952;0;78000;50476;128476;1;1;0;0;0;39000.0
259628;0;78975;50839;129814;0;0;0;0;0;39487.5
234520;0;70913;46347;117260;4;2;0;0;0;35456.5
240264;0;77724;42408;120132;0;0;0;0;0;38862.0
232200;0;70106;45994;116100;0;0;0;0;0;35053.0
259018;0;86630;42879;129509;0;0;0;0;0;43315.0
236854;0;73410;45017;118427;0;0;0;0;0;36705.0
275594;0;108857;28940;137797;0;0;0;0;0;54428.5
253714;0;76794;50063;126857;1;0;0;0;0;38397.0
257492;0;78097;50649;128746;0;0;0;0;0;39048.5
254152;0;76908;50168;127076;2;1;0;0;0;38454.0
257648;0;78198;50626;128824;1;1;0;0;0;39099.0
229726;0;69178;45685;114863;1;1;0;0;0;34589.0
257006;0;78191;50312;128503;5;3;0;0;0;39095.5
254066;0;76844;50189;127033;1;1;0;0;0;38422.0
257180;0;78130;50460;128590;0;0;0;0;0;39065.0
265564;0;92534;40248;132782;1;1;0;0;0;46267.0
235932;0;71174;46792;117966;0;0;0;0;0;35587.0
253540;0;76468;50302;126770;0;0;0;0;0;38234.0
254744;0;77182;50190;127372;2;0;0;0;0;38591.0
252430;0;76026;50189;126215;0;0;0;0;0;38013.0
256262;0;77783;50348;128131;0;0;0;0;0;38891.5
255262;0;77310;50321;127631;0;0;0;0;0;38655.0
249510;0;75187;49568;124755;1;1;0;0;0;37593.5
284376;0;117673;24515;142188;5;2;0;0;0;58836.5
251346;0;75966;49707;125673;1;1;0;0;0;37983.0
158626;0;47576;31737;79313;1;1;0;0;0;23788.0
264720;0;119476;12884;132360;2;0;0;0;0;59738.0
258478;0;81005;48234;129239;2;1;0;0;0;40502.5
255094;0;77237;50310;127547;1;0;0;0;0;38618.5
256768;0;78063;50321;128384;0;0;0;0;0;39031.5
246378;0;93132;30057;123189;1;1;0;0;0;46566.0
257082;0;78261;50280;128541;1;0;0;0;0;39130.5
229246;0;69141;45482;114623;2;1;0;0;0;34570.5
306282;0;146034;7107;153141;2;0;0;0;0;73017.0
257448;0;78041;50683;128724;4;3;0;0;0;39020.5
246370;0;74513;48672;123185;3;1;0;0;0;37256.5
256234;0;77754;50363;128117;2;2;0;0;0;38877.0
219774;0;67334;42553;109887;2;2;0;0;0;33667.0
256782;0;78070;50321;128391;3;3;0;0;0;39035.0
251210;0;75379;50226;125605;2;2;0;0;0;37689.5
255774;0;77407;50480;127887;1;1;0;0;0;38703.5
256692;0;77871;50475;128346;2;1;0;0;0;38935.5
258446;0;78439;50784;129223;0;0;0;0;0;39219.5
236080;0;71133;46907;118040;0;0;0;0;0;35566.5
248310;0;90501;33654;124155;2;1;0;0;0;45250.5
263058;0;88510;43019;131529;0;0;0;0;0;44255.0
216096;0;64871;43177;108048;1;1;0;0;0;32435.5
256562;0;77803;50478;128281;1;0;0;0;0;38901.5
255998;0;77774;50225;127999;2;1;0;0;0;38887.0
235058;0;70916;46613;117529;2;2;0;0;0;35458.0
241526;0;74352;46411;120763;1;1;0;0;0;37176.0
233766;0;71516;45367;116883;1;1;0;0;0;35758.0
251890;0;76095;49850;125945;2;0;0;0;0;38047.5
254844;0;77105;50317;127422;0;0;0;0;0;38552.5
254126;0;77032;50031;127063;2;1;0;0;0;38516.0
253844;0;76608;50314;126922;2;1;0;0;0;38304.0
255802;0;77560;50341;127901;1;1;0;0;0;38780.0
230736;0;69819;45549;115368;1;1;0;0;0;34909.5
266286;0;92836;40307;133143;2;1;0;0;0;46418.0
272440;0;95480;40740;136220;4;2;0;0;0;47740.0
254470;0;77154;50081;127235;2;2;0;0;0;38577.0
281370;0;116513;24172;140685;2;0;0;0;0;58256.5
285320;0;115233;27427;142660;5;1;0;0;0;57616.5
257990;0;78326;50669;128995;1;1;0;0;0;39163.0
274204;0;105469;31633;137102;1;0;0;0;0;52734.5
254336;0;77202;49966;127168;0;0;0;0;0;38601.0
254892;0;77075;50371;127446;0;0;0;0;0;38537.5
257412;0;78386;50320;128706;0;0;0;0;0;39193.0
249062;0;75517;49014;124531;2;1;0;0;0;37758.5
257524;0;78184;50578;128762;0;0;0;0;0;39092.0
255750;0;77523;50352;127875;2;2;0;0;0;38761.5
255898;0;77493;50456;127949;1;1;0;0;0;38746.5
267788;0;99424;34470;133894;0;0;0;0;0;49712.0
268266;0;92668;41465;134133;1;1;0;0;0;46334.0
301628;0;138788;12026;150814;0;0;0;0;0;69394.0
256168;0;77649;50435;128084;2;1;0;0;0;38824.5
254024;0;77149;49863;127012;2;2;0;0;0;38574.5
254022;0;76999;50012;127011;1;0;0;0;0;38499.5
254072;0;76781;50255;127036;4;1;0;0;0;38390.5
254142;0;76821;50250;127071;0;0;0;0;0;38410.5
259612;0;79157;50649;129806;1;1;0;0;0;39578.5
253838;0;77123;49796;126919;2;2;0;0;0;38561.5
257240;0;78189;50431;128620;0;0;0;0;0;39094.5
256260;0;77707;50423;128130;2;1;0;0;0;38853.5
253512;0;76453;50303;126756;2;2;0;0;0;38226.5
256190;0;77803;50292;128095;0;0;0;0;0;38901.5
257432;0;78198;50518;128716;4;2;0;0;0;39099.0
254938;0;76985;50484;127469;0;0;0;0;0;38492.5
255624;0;77496;50316;127812;2;1;0;0;0;38748.0
234448;0;70648;46576;117224;0;0;0;0;0;35324.0
229920;0;69254;45706;114960;1;1;0;0;0;34627.0
319032;0;152849;6667;159516;2;0;0;0;0;76424.5
257222;0;77885;50726;128611;1;0;0;0;0;38942.5
264118;0;89406;42653;132059;1;1;0;0;0;44703.0
256256;0;77624;50504;128128;1;1;0;0;0;38812.0
325456;0;162728;0;162728;3;0;0;0;0;81364.0
266504;0;93007;40245;133252;2;0;0;0;0;46503.5
279030;0;109631;29884;139515;1;1;0;0;0;54815.5
253220;0;76438;50172;126610;3;2;0;0;0;38219.0
276950;0;113585;24890;138475;2;0;0;0;0;56792.5
236360;0;71307;46873;118180;0;0;0;0;0;35653.5
258670;0;78823;50512;129335;0;0;0;0;0;39411.5
254396;0;77024;50174;127198;1;1;0;0;0;38512.0
255204;0;77465;50137;127602;1;1;0;0;0;38732.5
248666;0;75418;48915;124333;2;0;0;0;0;37709.0
270618;0;100335;34974;135309;1;0;0;0;0;50167.5
252644;0;76428;49894;126322;1;1;0;0;0;38214.0
252410;0;76399;49806;126205;2;0;0;0;0;38199.5
305092;0;152546;0;152546;4;0;0;0;0;76273.0
255438;0;77294;50425;127719;3;2;0;0;0;38647.0
254898;0;77148;50301;127449;0;0;0;0;0;38574.0
256024;0;77553;50459;128012;0;0;0;0;0;38776.5
279712;0;107708;32148;139856;4;1;0;0;0;53854.0
255884;0;77585;50357;127942;2;0;0;0;0;38792.5
213618;0;63828;42981;106809;0;0;0;0;0;31914.0
255460;0;77237;50493;127730;2;1;0;0;0;38618.5
257842;0;78362;50559;128921;2;2;0;0;0;39181.0
331862;0;161069;4862;165931;3;0;0;0;0;80534.5
231212;0;69884;45722;115606;2;1;0;0;0;34942.0
298352;0;146309;2867;149176;1;0;0;0;0;73154.5
263632;0;80812;51004;131816;2;2;0;0;0;40406.0
254468;0;77102;50132;127234;1;1;0;0;0;38551.0
255620;0;77359;50451;127810;0;0;0;0;0;38679.5
257076;0;78023;50515;128538;2;2;0;0;0;39011.5
296008;0;139967;8037;148004;2;0;0;0;0;69983.5
291048;0;134513;11011;145524;2;0;0;0;0;67256.5
258188;0;99699;29395;129094;2;0;0;0;0;49849.5
267620;0;99980;33830;133810;1;0;0;0;0;49990.0
255078;0;77384;50155;127539;0;0;0;0;0;38692.0
239906;0;74733;45220;119953;0;0;0;0;0;37366.5
262310;0;85352;45803;131155;1;1;0;0;0;42676.0
261600;0;88733;42067;130800;0;0;0;0;0;44366.5
256962;0;78006;50475;128481;2;1;0;0;0;39003.0
221782;0;67270;43621;110891;2;1;0;0;0;33635.0
268392;0;97086;37110;134196;2;1;0;0;0;48543.0
255546;0;77533;50240;127773;2;1;0;0;0;38766.5
253684;0;76891;49951;126842;1;1;0;0;0;38445.5
252252;0;76316;49810;126126;0;0;0;0;0;38158.0
257898;0;78281;50668;128949;0;0;0;0;0;39140.5
250744;0;75450;49922;125372;2;2;0;0;0;37725.0
254656;0;76908;50420;127328;1;1;0;0;0;38454.0
252276;0;100263;25875;126138;0;0;0;0;0;50131.5
253634;0;76840;49977;126817;3;3;0;0;0;38420.0
234970;0;71115;46370;117485;1;0;0;0;0;35557.5
254406;0;76884;50319;127203;0;0;0;0;0;38442.0
251830;0;75829;50086;125915;1;0;0;0;0;37914.5
232326;0;70443;45720;116163;2;1;0;0;0;35221.5
234250;0;70881;46244;117125;2;1;0;0;0;35440.5
255020;0;77965;49545;127510;1;1;0;0;0;38982.5
257636;0;78103;50715;128818;2;2;0;0;0;39051.5
229542;0;69346;45425;114771;1;1;0;0;0;34673.0
233296;0;70135;46513;116648;1;1;0;0;0;35067.5
258226;0;78381;50732;129113;3;3;0;0;0;39190.5
255828;0;77385;50529;127914;2;1;0;0;0;38692.5
251276;0;75662;49976;125638;1;0;0;0;0;37831.0
254948;0;77195;50279;127474;1;1;0;0;0;38597.5
255628;0;77647;50167;127814;1;1;0;0;0;38823.5
243590;0;78688;43107;121795;2;1;0;0;0;39344.0
305172;0;146487;6099;152586;4;0;0;0;0;73243.5
253028;0;76145;50369;126514;0;0;0;0;0;38072.5
255090;0;77150;50395;127545;1;1;0;0;0;38575.0
255730;0;77450;50415;127865;0;0;0;0;0;38725.0
257310;0;78125;50530;128655;0;0;0;0;0;39062.5
233060;0;70086;46444;116530;3;2;0;0;0;35043.0
278028;0;110008;29006;139014;2;0;0;0;0;55004.0
252850;0;76428;49997;126425;0;0;0;0;0;38214.0
238336;0;72089;47079;119168;0;0;0;0;0;36044.5
254594;0;76995;50302;127297;2;2;0;0;0;38497.5
231158;0;69452;46127;115579;4;2;0;0;0;34726.0
223738;0;67128;44741;111869;0;0;0;0;0;33564.0
254740;0;77081;50289;127370;1;1;0;0;0;38540.5
258462;0;78421;50810;129231;0;0;0;0;0;39210.5
256930;0;77863;50602;128465;1;0;0;0;0;38931.5
255506;0;77285;50468;127753;2;2;0;0;0;38642.5
256422;0;77659;50552;128211;2;2;0;0;0;38829.5
275354;0;111083;26594;137677;1;0;0;0;0;55541.5
257068;0;77930;50604;128534;1;0;0;0;0;38965.0
258494;0;78873;50374;129247;2;2;0;0;0;39436.5
229802;0;70298;44603;114901;4;3;0;0;0;35149.0
255920;0;77497;50463;127960;0;0;0;0;0;38748.5
256518;0;77742;50517;128259;3;1;0;0;0;38871.0
254910;0;77154;50301;127455;1;1;0;0;0;38577.0
254788;0;76967;50427;127394;0;0;0;0;0;38483.5
238876;0;72436;47002;119438;3;2;0;0;0;36218.0
261738;0;81126;49743;130869;1;1;0;0;0;40563.0
263532;0;111822;19944;131766;0;0;0;0;0;55911.0
263234;0;91704;39913;131617;1;1;0;0;0;45852.0
258168;0;78585;50499;129084;0;0;0;0;0;39292.5
235254;0;71268;46359;117627;0;0;0;0;0;35634.0
277774;0;138887;0;138887;1;0;0;0;0;69443.5
255494;0;77272;50475;127747;1;0;0;0;0;38636.0
253370;0;76367;50318;126685;0;0;0;0;0;38183.5
252986;0;76638;49855;126493;4;2;0;0;0;38319.0
269470;0;99728;35007;134735;1;0;0;0;0;49864.0
247028;0;74485;49029;123514;0;0;0;0;0;37242.5
230322;0;69666;45495;115161;0;0;0;0;0;34833.0
255270;0;77105;50530;127635;1;1;0;0;0;38552.5
253496;0;76640;50108;126748;2;1;0;0;0;38320.0
221656;0;66094;44734;110828;1;1;0;0;0;33047.0
256812;0;77940;50466;128406;0;0;0;0;0;38970.0
257446;0;78067;50656;128723;2;1;0;0;0;39033.5
256948;0;78005;50469;128474;1;1;0;0;0;39002.5
225772;0;68730;44156;112886;0;0;0;0;0;34365.0
268188;0;99217;34877;134094;0;0;0;0;0;49608.5
252788;0;76302;50092;126394;0;0;0;0;0;38151.0
254340;0;76992;50178;127170;1;1;0;0;0;38496.0
270016;0;114570;20438;135008;3;0;0;0;0;57285.0
209728;0;62958;41906;104864;0;0;0;0;0;31479.0
259742;0;79321;50550;129871;2;1;0;0;0;39660.5
289822;0;127993;16918;144911;2;0;0;0;0;63996.5
235540;0;71074;46696;117770;0;0;0;0;0;35537.0
258616;0;78617;50691;129308;0;0;0;0;0;39308.5
251736;0;75683;50185;125868;0;0;0;0;0;37841.5
257442;0;78467;50254;128721;0;0;0;0;0;39233.5
253778;0;78104;48785;126889;1;1;0;0;0;39052.0
255110;0;77237;50318;127555;0;0;0;0;0;38618.5
256638;0;77786;50533;128319;2;2;0;0;0;38893.0
254308;0;76878;50276;127154;1;1;0;0;0;38439.0
256986;0;78076;50417;128493;0;0;0;0;0;39038.0
257390;0;78218;50477;128695;2;1;0;0;0;39109.0
255314;0;77666;49991;127657;2;1;0;0;0;38833.0
255378;0;77159;50530;127689;1;1;0;0;0;38579.5
257202;0;77986;50615;128601;3;3;0;0;0;38993.0
245892;0;76378;46568;122946;3;2;0;0;0;38189.0
256286;0;77706;50437;128143;1;1;0;0;0;38853.0
254688;0;77031;50313;127344;2;2;0;0;0;38515.5
235834;0;71450;46467;117917;0;0;0;0;0;35725.0
256782;0;78041;50350;128391;1;1;0;0;0;39020.5
292434;0;126504;19713;146217;2;0;0;0;0;63252.0
239206;0;72669;46934;119603;2;0;0;0;0;36334.5
257392;0;78019;50677;128696;3;2;0;0;0;39009.5
258420;0;78483;50727;129210;2;1;0;0;0;39241.5
255368;0;77162;50522;127684;1;1;0;0;0;38581.0
254110;0;76761;50294;127055;1;0;0;0;0;38380.5
257454;0;78115;50612;128727;0;0;0;0;0;39057.5
256622;0;77882;50429;128311;2;1;0;0;0;38941.0
277224;0;128116;10496;138612;4;0;0;0;0;64058.0
257300;0;78056;50594;128650;1;1;0;0;0;39028.0
262244;0;89555;41567;131122;3;2;0;0;0;44777.5
236266;0;71095;47038;118133;0;0;0;0;0;35547.5
254730;0;77081;50284;127365;5;4;0;0;0;38540.5
255196;0;77272;50326;127598;1;0;0;0;0;38636.0
256504;0;77875;50377;128252;1;1;0;0;0;38937.5
255080;0;77271;50269;127540;0;0;0;0;0;38635.5
255366;0;77608;50075;127683;3;1;0;0;0;38804.0
256910;0;77953;50502;128455;2;2;0;0;0;38976.5
255206;0;77348;50255;127603;2;2;0;0;0;38674.0
344444;0;172222;0;172222;2;0;0;0;0;86111.0
258190;0;78399;50696;129095;2;1;0;0;0;39199.5
261620;0;90983;39827;130810;1;1;0;0;0;45491.5
233702;0;70559;46292;116851;1;0;0;0;0;35279.5
253488;0;76792;49952;126744;1;1;0;0;0;38396.0
259098;0;83669;45880;129549;0;0;0;0;0;41834.5
234500;0;70873;46377;117250;0;0;0;0;0;35436.5
255502;0;77126;50625;127751;1;1;0;0;0;38563.0
256144;0;77705;50367;128072;1;1;0;0;0;38852.5
259722;0;82822;47039;129861;2;0;0;0;0;41411.0
256820;0;77917;50493;128410;2;2;0;0;0;38958.5
274430;0;104892;32323;137215;0;0;0;0;0;52446.0
250394;0;96865;28332;125197;4;0;0;0;0;48432.5
231380;0;69718;45972;115690;1;1;0;0;0;34859.0
233762;0;70745;46136;116881;1;1;0;0;0;35372.5
250896;0;76024;49424;125448;3;1;0;0;0;38012.0
255464;0;77644;50088;127732;2;0;0;0;0;38822.0
254264;0;76989;50143;127132;0;0;0;0;0;38494.5
298992;0;142246;7250;149496;3;0;0;0;0;71123.0
232174;0;69711;46376;116087;0;0;0;0;0;34855.5
254406;0;77007;50196;127203;1;1;0;0;0;38503.5
237150;0;71947;46628;118575;4;3;0;0;0;35973.5
257584;0;78314;50478;128792;0;0;0;0;0;39157.0
234280;0;70547;46593;117140;1;0;0;0;0;35273.5
259294;0;80565;49082;129647;0;0;0;0;0;40282.5
235442;0;70951;46770;117721;0;0;0;0;0;35475.5
256176;0;77634;50454;128088;1;1;0;0;0;38817.0
254568;0;77041;50243;127284;0;0;0;0;0;38520.5
235612;0;71061;46745;117806;2;2;0;0;0;35530.5
227900;0;68807;45143;113950;1;1;0;0;0;34403.5
252842;0;76290;50131;126421;1;1;0;0;0;38145.0
245720;0;79732;43128;122860;3;1;0;0;0;39866.0
250214;0;75840;49267;125107;1;0;0;0;0;37920.0
255164;0;76991;50591;127582;1;1;0;0;0;38495.5
